area11_0_0_512_512.png 0 2 3 4 5
area11_0_1152_512_1664.png 0 2 3 5
area11_0_1536_512_2048.png 0 2 3 4 5
area11_0_1920_512_2432.png 0 2 3 4 5
area11_0_2054_512_2566.png 0 2 3 4 5
area11_0_384_512_896.png 0 2 3 4 5
area11_0_768_512_1280.png 2 3 4 5
area11_1152_0_1664_512.png 0 2 3 5
area11_1152_1152_1664_1664.png 0 2 3 4 5
area11_1152_1536_1664_2048.png 0 2 3 4 5
area11_1152_1920_1664_2432.png 0 2 3 4 5
area11_1152_2054_1664_2566.png 0 3 4 5
area11_1152_384_1664_896.png 0 2 3 4 5
area11_1152_768_1664_1280.png 0 2 3 4 5
area11_1381_0_1893_512.png 0 2 3 5
area11_1381_1152_1893_1664.png 0 2 3 4 5
area11_1381_1536_1893_2048.png 0 2 3 4 5
area11_1381_1920_1893_2432.png 0 2 3 4 5
area11_1381_2054_1893_2566.png 0 2 3 4 5
area11_1381_384_1893_896.png 0 2 3 4 5
area11_1381_768_1893_1280.png 0 2 3 4 5
area11_384_0_896_512.png 0 2 3 4 5
area11_384_1152_896_1664.png 0 2 3 4 5
area11_384_1536_896_2048.png 0 2 3 4 5
area11_384_1920_896_2432.png 0 2 3 4 5
area11_384_2054_896_2566.png 0 2 3 4 5
area11_384_384_896_896.png 0 2 3 4 5
area11_384_768_896_1280.png 0 2 3 4 5
area11_768_0_1280_512.png 0 2 3 4 5
area11_768_1152_1280_1664.png 0 2 3 4 5
area11_768_1536_1280_2048.png 0 2 3 4 5
area11_768_1920_1280_2432.png 0 2 3 4 5
area11_768_2054_1280_2566.png 0 2 3 4 5
area11_768_384_1280_896.png 0 2 3 4 5
area11_768_768_1280_1280.png 0 2 3 5
area13_0_0_512_512.png 0 2 3 5
area13_0_1152_512_1664.png 0 2 3 5
area13_0_1536_512_2048.png 0 2 3 4 5
area13_0_1920_512_2432.png 0 2 3 4 5
area13_0_2046_512_2558.png 0 2 3 4 5
area13_0_384_512_896.png 0 2 3 5
area13_0_768_512_1280.png 0 2 3 4 5
area13_1152_0_1664_512.png 0 2 3 4 5
area13_1152_1152_1664_1664.png 0 2 3 4 5
area13_1152_1536_1664_2048.png 0 2 3 5
area13_1152_1920_1664_2432.png 0 2 5
area13_1152_2046_1664_2558.png 0 2 3 5
area13_1152_384_1664_896.png 0 2 3 4 5
area13_1152_768_1664_1280.png 0 2 5
area13_1536_0_2048_512.png 0 2 3 5
area13_1536_1152_2048_1664.png 0 2 3 4 5
area13_1536_1536_2048_2048.png 0 2 3 4 5
area13_1536_1920_2048_2432.png 0 2 5
area13_1536_2046_2048_2558.png 0 2 5
area13_1536_384_2048_896.png 0 2 3 4 5
area13_1536_768_2048_1280.png 0 2 3 5
area13_1920_0_2432_512.png 0 2 3 5
area13_1920_1152_2432_1664.png 0 2 3 5
area13_1920_1536_2432_2048.png 0 2 3 4 5
area13_1920_1920_2432_2432.png 0 2 3 4 5
area13_1920_2046_2432_2558.png 0 2 3 5
area13_1920_384_2432_896.png 0 2 3 4 5
area13_1920_768_2432_1280.png 0 2 3 4 5
area13_2304_0_2816_512.png 0 2 3 4 5
area13_2304_1152_2816_1664.png 0 2 5
area13_2304_1536_2816_2048.png 0 2 3 4 5
area13_2304_1920_2816_2432.png 0 2 3 4 5
area13_2304_2046_2816_2558.png 0 2 3 4 5
area13_2304_384_2816_896.png 0 2 3 5
area13_2304_768_2816_1280.png 0 2 3 5
area13_2306_0_2818_512.png 0 2 3 4 5
area13_2306_1152_2818_1664.png 0 2 5
area13_2306_1536_2818_2048.png 0 2 3 4 5
area13_2306_1920_2818_2432.png 0 2 3 4 5
area13_2306_2046_2818_2558.png 0 2 3 4 5
area13_2306_384_2818_896.png 0 2 3 5
area13_2306_768_2818_1280.png 0 2 3 5
area13_384_0_896_512.png 0 2 3 4 5
area13_384_1152_896_1664.png 0 2 3 4 5
area13_384_1536_896_2048.png 0 2 3 5
area13_384_1920_896_2432.png 0 2 3 4 5
area13_384_2046_896_2558.png 0 2 3 4 5
area13_384_384_896_896.png 0 2 3 4 5
area13_384_768_896_1280.png 0 2 3 4 5
area13_768_0_1280_512.png 0 2 3 4 5
area13_768_1152_1280_1664.png 0 2 3 4 5
area13_768_1536_1280_2048.png 0 2 3 5
area13_768_1920_1280_2432.png 0 2 3 5
area13_768_2046_1280_2558.png 0 2 3 5
area13_768_384_1280_896.png 0 2 3 4 5
area13_768_768_1280_1280.png 0 2 3 4 5
area15_0_0_512_512.png 0 2 3 4 5
area15_0_1152_512_1664.png 0 2 3 5
area15_0_1536_512_2048.png 0 2 3 5
area15_0_1920_512_2432.png 0 2 3 5
area15_0_2053_512_2565.png 0 2 3 5
area15_0_384_512_896.png 0 1 2 3 4 5
area15_0_768_512_1280.png 0 1 2 3 4 5
area15_1152_0_1664_512.png 0 2 3 4 5
area15_1152_1152_1664_1664.png 0 2 3 5
area15_1152_1536_1664_2048.png 0 2 3 5
area15_1152_1920_1664_2432.png 0 2 3 4 5
area15_1152_2053_1664_2565.png 0 2 3 4 5
area15_1152_384_1664_896.png 0 2 3 4 5
area15_1152_768_1664_1280.png 0 2 3 4 5
area15_1407_0_1919_512.png 0 2 3 4 5
area15_1407_1152_1919_1664.png 0 2 3 5
area15_1407_1536_1919_2048.png 0 2 3 5
area15_1407_1920_1919_2432.png 0 2 3 5
area15_1407_2053_1919_2565.png 0 2 3 5
area15_1407_384_1919_896.png 0 2 3 4 5
area15_1407_768_1919_1280.png 0 2 3 4 5
area15_384_0_896_512.png 0 2 3 5
area15_384_1152_896_1664.png 0 2 3 4 5
area15_384_1536_896_2048.png 0 2 3 4 5
area15_384_1920_896_2432.png 0 2 3 5
area15_384_2053_896_2565.png 0 2 3 5
area15_384_384_896_896.png 0 1 2 3 4 5
area15_384_768_896_1280.png 0 1 2 3 4 5
area15_768_0_1280_512.png 0 2 3 4 5
area15_768_1152_1280_1664.png 0 2 3 4 5
area15_768_1536_1280_2048.png 0 2 3 4 5
area15_768_1920_1280_2432.png 0 2 3 4 5
area15_768_2053_1280_2565.png 0 2 3 4 5
area15_768_384_1280_896.png 0 2 3 5
area15_768_768_1280_1280.png 0 2 3 4 5
area17_0_0_512_512.png 0 2 3 5
area17_0_384_512_896.png 0 2 3 5
area17_0_768_512_1280.png 0 2 3 4 5
area17_0_769_512_1281.png 0 2 3 4 5
area17_1152_0_1664_512.png 0 2 3 5
area17_1152_384_1664_896.png 0 2 3 4 5
area17_1152_768_1664_1280.png 0 2 3 4 5
area17_1152_769_1664_1281.png 0 2 3 4 5
area17_1536_0_2048_512.png 2 5
area17_1536_384_2048_896.png 0 2 5
area17_1536_768_2048_1280.png 0 2 3 5
area17_1536_769_2048_1281.png 0 2 3 5
area17_1824_0_2336_512.png 2 5
area17_1824_384_2336_896.png 2 5
area17_1824_768_2336_1280.png 0 2 3 5
area17_1824_769_2336_1281.png 0 2 3 5
area17_384_0_896_512.png 0 2 3 4 5
area17_384_384_896_896.png 0 2 3 4 5
area17_384_768_896_1280.png 0 2 3 4 5
area17_384_769_896_1281.png 0 2 3 4 5
area17_768_0_1280_512.png 0 2 3 5
area17_768_384_1280_896.png 0 2 3 4 5
area17_768_768_1280_1280.png 0 2 3 4 5
area17_768_769_1280_1281.png 0 2 3 4 5
area1_0_0_512_512.png 0 2 3 4 5
area1_0_1152_512_1664.png 0 2 3 4 5
area1_0_1536_512_2048.png 0 2 3 4 5
area1_0_1920_512_2432.png 0 2 3 4 5
area1_0_2057_512_2569.png 0 2 3 4 5
area1_0_384_512_896.png 0 2 3 4 5
area1_0_768_512_1280.png 0 2 3 4 5
area1_1152_0_1664_512.png 0 2 3 4 5
area1_1152_1152_1664_1664.png 0 2 3 4 5
area1_1152_1536_1664_2048.png 0 2 3 4 5
area1_1152_1920_1664_2432.png 0 2 3 4 5
area1_1152_2057_1664_2569.png 0 2 3 4 5
area1_1152_384_1664_896.png 0 2 3 4 5
area1_1152_768_1664_1280.png 0 2 3 4 5
area1_1407_0_1919_512.png 0 2 3 4 5
area1_1407_1152_1919_1664.png 0 2 3 4 5
area1_1407_1536_1919_2048.png 0 2 3 4 5
area1_1407_1920_1919_2432.png 0 2 3 4 5
area1_1407_2057_1919_2569.png 0 2 3 4 5
area1_1407_384_1919_896.png 0 2 3 4 5
area1_1407_768_1919_1280.png 0 2 3 4 5
area1_384_0_896_512.png 0 2 3 4 5
area1_384_1152_896_1664.png 0 2 3 4 5
area1_384_1536_896_2048.png 0 2 3 4 5
area1_384_1920_896_2432.png 0 2 3 4 5
area1_384_2057_896_2569.png 0 2 3 4 5
area1_384_384_896_896.png 0 2 3 4 5
area1_384_768_896_1280.png 0 2 3 4 5
area1_768_0_1280_512.png 0 2 3 5
area1_768_1152_1280_1664.png 0 2 3 4 5
area1_768_1536_1280_2048.png 0 2 3 4 5
area1_768_1920_1280_2432.png 0 2 3 4 5
area1_768_2057_1280_2569.png 0 2 3 4 5
area1_768_384_1280_896.png 0 2 3 5
area1_768_768_1280_1280.png 0 2 3 4 5
area21_0_0_512_512.png 0 2 3 5
area21_0_1152_512_1664.png 0 2 3 5
area21_0_1536_512_2048.png 0 2 3 4 5
area21_0_1920_512_2432.png 0 2 3 4 5
area21_0_2034_512_2546.png 0 2 3 4 5
area21_0_384_512_896.png 0 2 3 4 5
area21_0_768_512_1280.png 0 2 3 4 5
area21_1152_0_1664_512.png 0 2 3 4 5
area21_1152_1152_1664_1664.png 0 2 3 5
area21_1152_1536_1664_2048.png 0 2 3 4 5
area21_1152_1920_1664_2432.png 2 3 5
area21_1152_2034_1664_2546.png 2 3 5
area21_1152_384_1664_896.png 0 2 3 4 5
area21_1152_768_1664_1280.png 0 2 3 4 5
area21_1391_0_1903_512.png 0 2 3 4 5
area21_1391_1152_1903_1664.png 0 2 3 4 5
area21_1391_1536_1903_2048.png 0 2 3 4 5
area21_1391_1920_1903_2432.png 2 3 5
area21_1391_2034_1903_2546.png 2 3 5
area21_1391_384_1903_896.png 0 2 3 4 5
area21_1391_768_1903_1280.png 0 2 3 4 5
area21_384_0_896_512.png 0 2 3 4 5
area21_384_1152_896_1664.png 0 2 3 4 5
area21_384_1536_896_2048.png 0 2 3 4 5
area21_384_1920_896_2432.png 0 2 3 4 5
area21_384_2034_896_2546.png 0 2 3 4 5
area21_384_384_896_896.png 0 2 3 5
area21_384_768_896_1280.png 0 2 3 4 5
area21_768_0_1280_512.png 0 2 3 4 5
area21_768_1152_1280_1664.png 0 2 3 4 5
area21_768_1536_1280_2048.png 0 2 3 4 5
area21_768_1920_1280_2432.png 0 2 3 5
area21_768_2034_1280_2546.png 0 2 3 4 5
area21_768_384_1280_896.png 0 2 3 5
area21_768_768_1280_1280.png 0 2 3 5
area23_0_0_512_512.png 0 2 3 5
area23_0_1152_512_1664.png 0 2 3 4 5
area23_0_1536_512_2048.png 0 1 2 3 4 5
area23_0_1920_512_2432.png 0 1 2 3 5
area23_0_2034_512_2546.png 0 1 2 5
area23_0_384_512_896.png 0 2 3 5
area23_0_768_512_1280.png 0 2 3 5
area23_1152_0_1664_512.png 0 2 3 4 5
area23_1152_1152_1664_1664.png 0 2 3 4 5
area23_1152_1536_1664_2048.png 0 2 3 5
area23_1152_1920_1664_2432.png 0 2 3 5
area23_1152_2034_1664_2546.png 0 2 3 5
area23_1152_384_1664_896.png 0 2 3 4 5
area23_1152_768_1664_1280.png 0 2 3 4 5
area23_1391_0_1903_512.png 0 2 3 4 5
area23_1391_1152_1903_1664.png 0 2 3 4 5
area23_1391_1536_1903_2048.png 0 2 3 4 5
area23_1391_1920_1903_2432.png 0 2 3 4 5
area23_1391_2034_1903_2546.png 0 2 3 4 5
area23_1391_384_1903_896.png 0 2 3 5
area23_1391_768_1903_1280.png 0 2 3 4 5
area23_384_0_896_512.png 0 2 3 5
area23_384_1152_896_1664.png 0 2 3 5
area23_384_1536_896_2048.png 0 2 3 5
area23_384_1920_896_2432.png 0 1 2 3 4 5
area23_384_2034_896_2546.png 0 1 2 3 4 5
area23_384_384_896_896.png 0 2 3 5
area23_384_768_896_1280.png 0 2 3 5
area23_768_0_1280_512.png 0 2 3 4 5
area23_768_1152_1280_1664.png 0 2 3 5
area23_768_1536_1280_2048.png 0 2 3 5
area23_768_1920_1280_2432.png 0 2 3 4 5
area23_768_2034_1280_2546.png 0 2 3 4 5
area23_768_384_1280_896.png 0 2 3 4 5
area23_768_768_1280_1280.png 0 2 3 5
area26_0_0_512_512.png 0 1 2 3 4 5
area26_0_1152_512_1664.png 0 1 2 3 5
area26_0_1271_512_1783.png 0 1 2 3 5
area26_0_384_512_896.png 1 2 3 4 5
area26_0_768_512_1280.png 0 1 2 3 5
area26_1152_0_1664_512.png 0 2 3 4 5
area26_1152_1152_1664_1664.png 0 2 3 4 5
area26_1152_1271_1664_1783.png 0 2 3 4 5
area26_1152_384_1664_896.png 0 2 3 4 5
area26_1152_768_1664_1280.png 0 2 3 4 5
area26_1536_0_2048_512.png 0 2 3 4 5
area26_1536_1152_2048_1664.png 0 2 3 4 5
area26_1536_1271_2048_1783.png 0 2 3 5
area26_1536_384_2048_896.png 0 2 3 4 5
area26_1536_768_2048_1280.png 0 2 3 4 5
area26_1920_0_2432_512.png 0 2 3 4 5
area26_1920_1152_2432_1664.png 0 2 3 4 5
area26_1920_1271_2432_1783.png 0 2 3 4 5
area26_1920_384_2432_896.png 0 2 3 4 5
area26_1920_768_2432_1280.png 0 2 3 4 5
area26_2304_0_2816_512.png 0 2 3 4 5
area26_2304_1152_2816_1664.png 0 2 3 4 5
area26_2304_1271_2816_1783.png 0 2 3 4 5
area26_2304_384_2816_896.png 0 2 3 4 5
area26_2304_768_2816_1280.png 0 1 3 4 5
area26_2483_0_2995_512.png 0 2 3 4 5
area26_2483_1152_2995_1664.png 0 2 3 4 5
area26_2483_1271_2995_1783.png 0 2 3 4 5
area26_2483_384_2995_896.png 0 2 3 4 5
area26_2483_768_2995_1280.png 0 1 2 3 4 5
area26_384_0_896_512.png 0 2 3 4 5
area26_384_1152_896_1664.png 0 1 3 4 5
area26_384_1271_896_1783.png 0 1 3 4 5
area26_384_384_896_896.png 0 1 2 3 4 5
area26_384_768_896_1280.png 1 2 3 4 5
area26_768_0_1280_512.png 0 2 3 4 5
area26_768_1152_1280_1664.png 0 1 2 3 4 5
area26_768_1271_1280_1783.png 0 1 2 3 4 5
area26_768_384_1280_896.png 0 2 3 4 5
area26_768_768_1280_1280.png 0 2 3 4 5
area28_0_0_512_512.png 0 1 2 3 4 5
area28_0_1152_512_1664.png 0 2 3 4 5
area28_0_1536_512_2048.png 0 1 2 3 4 5
area28_0_1920_512_2432.png 0 1 2 3 4 5
area28_0_2055_512_2567.png 0 2 3 4 5
area28_0_384_512_896.png 0 1 2 3 4 5
area28_0_768_512_1280.png 0 1 2 3 5
area28_1152_0_1664_512.png 0 2 3 4 5
area28_1152_1152_1664_1664.png 0 2 3 4 5
area28_1152_1536_1664_2048.png 0 2 3 4 5
area28_1152_1920_1664_2432.png 0 2 3 4 5
area28_1152_2055_1664_2567.png 0 2 3 4 5
area28_1152_384_1664_896.png 0 2 3 4 5
area28_1152_768_1664_1280.png 0 1 2 3 5
area28_1405_0_1917_512.png 0 2 3 5
area28_1405_1152_1917_1664.png 0 2 3 4 5
area28_1405_1536_1917_2048.png 0 2 3 4 5
area28_1405_1920_1917_2432.png 0 2 3 4 5
area28_1405_2055_1917_2567.png 0 2 3 4 5
area28_1405_384_1917_896.png 0 2 3 4 5
area28_1405_768_1917_1280.png 0 1 2 3 5
area28_384_0_896_512.png 0 1 2 3 4 5
area28_384_1152_896_1664.png 0 2 3 4 5
area28_384_1536_896_2048.png 0 2 3 4 5
area28_384_1920_896_2432.png 0 2 3 5
area28_384_2055_896_2567.png 0 2 3 5
area28_384_384_896_896.png 0 1 2 3 4 5
area28_384_768_896_1280.png 0 2 3 4 5
area28_768_0_1280_512.png 0 2 3 5
area28_768_1152_1280_1664.png 0 2 3 4 5
area28_768_1536_1280_2048.png 0 2 3 4 5
area28_768_1920_1280_2432.png 0 2 3 4 5
area28_768_2055_1280_2567.png 0 2 3 4 5
area28_768_384_1280_896.png 0 2 3 4 5
area28_768_768_1280_1280.png 0 2 3 4 5
area30_0_0_512_512.png 0 2 3 4 5
area30_0_1152_512_1664.png 0 2 3 5
area30_0_1536_512_2048.png 0 2 3 4 5
area30_0_1920_512_2432.png 0 2 3 4 5
area30_0_2051_512_2563.png 0 2 3 4 5
area30_0_384_512_896.png 0 2 3 5
area30_0_768_512_1280.png 0 2 3 5
area30_1152_0_1664_512.png 0 2 3 4 5
area30_1152_1152_1664_1664.png 0 2 3 4 5
area30_1152_1536_1664_2048.png 0 2 3 4 5
area30_1152_1920_1664_2432.png 0 2 3 4 5
area30_1152_2051_1664_2563.png 0 2 3 4 5
area30_1152_384_1664_896.png 0 2 3 4 5
area30_1152_768_1664_1280.png 0 2 3 5
area30_1422_0_1934_512.png 0 2 3 4 5
area30_1422_1152_1934_1664.png 0 2 3 5
area30_1422_1536_1934_2048.png 0 2 3 4 5
area30_1422_1920_1934_2432.png 0 2 3 4 5
area30_1422_2051_1934_2563.png 0 2 3 4 5
area30_1422_384_1934_896.png 0 2 3 4 5
area30_1422_768_1934_1280.png 0 2 3 5
area30_384_0_896_512.png 0 2 3 4 5
area30_384_1152_896_1664.png 0 2 3 4 5
area30_384_1536_896_2048.png 0 2 3 4 5
area30_384_1920_896_2432.png 0 2 3 4 5
area30_384_2051_896_2563.png 0 2 3 4 5
area30_384_384_896_896.png 0 2 3 4 5
area30_384_768_896_1280.png 0 2 3 4 5
area30_768_0_1280_512.png 0 2 3 4 5
area30_768_1152_1280_1664.png 0 2 3 4 5
area30_768_1536_1280_2048.png 0 2 3 4 5
area30_768_1920_1280_2432.png 0 2 3 4 5
area30_768_2051_1280_2563.png 0 2 3 4 5
area30_768_384_1280_896.png 0 2 3 4 5
area30_768_768_1280_1280.png 0 2 3 4 5
area32_0_0_512_512.png 0 1 2 3 4 5
area32_0_1152_512_1664.png 0 2 3 4 5
area32_0_1536_512_2048.png 0 2 3 4 5
area32_0_1920_512_2432.png 0 2 3 4 5
area32_0_2043_512_2555.png 0 2 3 4 5
area32_0_384_512_896.png 0 1 2 3 4 5
area32_0_768_512_1280.png 0 2 3 4 5
area32_1152_0_1664_512.png 0 2 3 4 5
area32_1152_1152_1664_1664.png 0 2 3 4 5
area32_1152_1536_1664_2048.png 0 2 3 4 5
area32_1152_1920_1664_2432.png 0 1 2 3 4 5
area32_1152_2043_1664_2555.png 0 1 2 3 5
area32_1152_384_1664_896.png 0 2 3 4 5
area32_1152_768_1664_1280.png 0 2 3 4 5
area32_1468_0_1980_512.png 0 2 3 4 5
area32_1468_1152_1980_1664.png 0 2 3 4 5
area32_1468_1536_1980_2048.png 0 2 3 4 5
area32_1468_1920_1980_2432.png 0 1 2 3 5
area32_1468_2043_1980_2555.png 0 1 2 3 5
area32_1468_384_1980_896.png 0 2 3 4 5
area32_1468_768_1980_1280.png 0 3 4 5
area32_384_0_896_512.png 0 2 3 4 5
area32_384_1152_896_1664.png 0 2 3 4 5
area32_384_1536_896_2048.png 0 2 3 4 5
area32_384_1920_896_2432.png 0 2 3 4 5
area32_384_2043_896_2555.png 0 2 3 4 5
area32_384_384_896_896.png 0 2 3 4 5
area32_384_768_896_1280.png 0 2 3 4 5
area32_768_0_1280_512.png 0 2 3 4 5
area32_768_1152_1280_1664.png 0 2 3 4 5
area32_768_1536_1280_2048.png 0 2 3 4
area32_768_1920_1280_2432.png 0 2 3 4 5
area32_768_2043_1280_2555.png 0 2 3 4 5
area32_768_384_1280_896.png 0 2 3 4 5
area32_768_768_1280_1280.png 0 2 3 4 5
area34_0_0_512_512.png 0 2 3 4 5
area34_0_1152_512_1664.png 0 2 3 4 5
area34_0_1536_512_2048.png 0 2 3 4 5
area34_0_1920_512_2432.png 0 2 3 5
area34_0_2043_512_2555.png 0 2 3 5
area34_0_384_512_896.png 0 2 3 4 5
area34_0_768_512_1280.png 0 2 3 4 5
area34_384_0_896_512.png 0 2 3 4 5
area34_384_1152_896_1664.png 0 2 3 4 5
area34_384_1536_896_2048.png 0 2 3 4 5
area34_384_1920_896_2432.png 0 2 3 4 5
area34_384_2043_896_2555.png 0 2 3 5
area34_384_384_896_896.png 0 2 3 4 5
area34_384_768_896_1280.png 0 2 3 4 5
area34_768_0_1280_512.png 0 2 3 5
area34_768_1152_1280_1664.png 0 2 3 5
area34_768_1536_1280_2048.png 0 2 3 4 5
area34_768_1920_1280_2432.png 0 2 3 5
area34_768_2043_1280_2555.png 0 2 3 5
area34_768_384_1280_896.png 0 2 3 4 5
area34_768_768_1280_1280.png 0 2 3 4 5
area34_876_0_1388_512.png 0 2 3 5
area34_876_1152_1388_1664.png 0 2 3 5
area34_876_1536_1388_2048.png 0 2 3 5
area34_876_1920_1388_2432.png 0 2 3 5
area34_876_2043_1388_2555.png 0 2 3 5
area34_876_384_1388_896.png 0 2 3 4 5
area34_876_768_1388_1280.png 0 2 3 4 5
area37_0_0_512_512.png 0 2 3 4 5
area37_0_1152_512_1664.png 0 2 3 5
area37_0_1483_512_1995.png 0 2 3 5
area37_0_384_512_896.png 0 2 3 4 5
area37_0_768_512_1280.png 0 2 3 5
area37_1152_0_1664_512.png 0 2 3 5
area37_1152_1152_1664_1664.png 0 2 3 4 5
area37_1152_1483_1664_1995.png 0 2 3 4 5
area37_1152_384_1664_896.png 0 2 3 5
area37_1152_768_1664_1280.png 0 2 3 4 5
area37_1484_0_1996_512.png 0 2 3 5
area37_1484_1152_1996_1664.png 0 2 3 4 5
area37_1484_1483_1996_1995.png 0 2 3 4 5
area37_1484_384_1996_896.png 0 2 3 5
area37_1484_768_1996_1280.png 0 2 3 5
area37_384_0_896_512.png 0 2 3 4 5
area37_384_1152_896_1664.png 0 2 3 5
area37_384_1483_896_1995.png 0 2 3 5
area37_384_384_896_896.png 0 2 3 4 5
area37_384_768_896_1280.png 0 2 3 4 5
area37_768_0_1280_512.png 0 2 3 5
area37_768_1152_1280_1664.png 0 2 3 4 5
area37_768_1483_1280_1995.png 0 2 3 4 5
area37_768_384_1280_896.png 0 2 3 5
area37_768_768_1280_1280.png 0 2 3 4 5
area3_0_0_512_512.png 0 2 3 4 5
area3_0_1152_512_1664.png 0 2 3 4 5
area3_0_1536_512_2048.png 0 2 3 4 5
area3_0_1920_512_2432.png 0 2 3 5
area3_0_2304_512_2816.png 0 2 3 5
area3_0_2495_512_3007.png 0 2 3 4 5
area3_0_384_512_896.png 0 2 3 4 5
area3_0_768_512_1280.png 0 2 3 4 5
area3_1152_0_1664_512.png 0 2 3 4 5
area3_1152_1152_1664_1664.png 0 2 3 4 5
area3_1152_1536_1664_2048.png 0 2 3 4 5
area3_1152_1920_1664_2432.png 0 2 3 5
area3_1152_2304_1664_2816.png 0 2 3 4 5
area3_1152_2495_1664_3007.png 0 2 3 4 5
area3_1152_384_1664_896.png 0 2 3 4 5
area3_1152_768_1664_1280.png 0 2 3 4 5
area3_1494_0_2006_512.png 0 2 3 4 5
area3_1494_1152_2006_1664.png 0 2 3 4 5
area3_1494_1536_2006_2048.png 0 2 3 4 5
area3_1494_1920_2006_2432.png 0 2 3 4 5
area3_1494_2304_2006_2816.png 0 2 3 4 5
area3_1494_2495_2006_3007.png 0 2 3 4 5
area3_1494_384_2006_896.png 0 2 3 4 5
area3_1494_768_2006_1280.png 0 2 3 4 5
area3_384_0_896_512.png 0 2 3 4 5
area3_384_1152_896_1664.png 0 2 3 4 5
area3_384_1536_896_2048.png 0 2 3 4 5
area3_384_1920_896_2432.png 0 2 3 4 5
area3_384_2304_896_2816.png 0 2 3 4 5
area3_384_2495_896_3007.png 0 2 3 4 5
area3_384_384_896_896.png 0 2 3 5
area3_384_768_896_1280.png 0 2 3 4 5
area3_768_0_1280_512.png 0 2 3 4 5
area3_768_1152_1280_1664.png 0 2 3 4 5
area3_768_1536_1280_2048.png 0 2 3 4 5
area3_768_1920_1280_2432.png 0 2 3 4 5
area3_768_2304_1280_2816.png 0 2 3 4 5
area3_768_2495_1280_3007.png 0 2 3 4 5
area3_768_384_1280_896.png 0 2 3 4 5
area3_768_768_1280_1280.png 0 2 3 4 5
area5_0_0_512_512.png 0 2 3 4 5
area5_0_1152_512_1664.png 0 2 3 4 5
area5_0_1536_512_2048.png 0 2 3 4 5
area5_0_1920_512_2432.png 0 2 3 4 5
area5_0_2045_512_2557.png 0 2 3 4 5
area5_0_384_512_896.png 0 2 3 4 5
area5_0_768_512_1280.png 0 2 3 4 5
area5_1152_0_1664_512.png 0 2 3 4 5
area5_1152_1152_1664_1664.png 0 2 3 4 5
area5_1152_1536_1664_2048.png 0 2 3 4 5
area5_1152_1920_1664_2432.png 0 2 3 4 5
area5_1152_2045_1664_2557.png 0 2 3 4 5
area5_1152_384_1664_896.png 0 2 3 4 5
area5_1152_768_1664_1280.png 0 2 3 4 5
area5_1375_0_1887_512.png 0 2 3 4 5
area5_1375_1152_1887_1664.png 0 2 3 4 5
area5_1375_1536_1887_2048.png 0 2 3 4 5
area5_1375_1920_1887_2432.png 0 2 3 4
area5_1375_2045_1887_2557.png 0 2 3 4
area5_1375_384_1887_896.png 0 2 3 4 5
area5_1375_768_1887_1280.png 0 2 3 4 5
area5_384_0_896_512.png 0 2 3 5
area5_384_1152_896_1664.png 0 2 3 5
area5_384_1536_896_2048.png 0 2 3 4 5
area5_384_1920_896_2432.png 0 2 3 4 5
area5_384_2045_896_2557.png 0 2 3 4 5
area5_384_384_896_896.png 0 2 3 4 5
area5_384_768_896_1280.png 0 2 3 4 5
area5_768_0_1280_512.png 0 3 4 5
area5_768_1152_1280_1664.png 0 2 3 4 5
area5_768_1536_1280_2048.png 0 2 3 4 5
area5_768_1920_1280_2432.png 0 2 3 4 5
area5_768_2045_1280_2557.png 0 2 3 4 5
area5_768_384_1280_896.png 0 2 3 4 5
area5_768_768_1280_1280.png 0 2 3 4 5
area7_0_0_512_512.png 0 2 3 4 5
area7_0_1152_512_1664.png 0 2 3 4
area7_0_1536_512_2048.png 0 2 3 4 5
area7_0_1920_512_2432.png 0 2 3 4 5
area7_0_2045_512_2557.png 0 2 3 4 5
area7_0_384_512_896.png 0 2 3 4 5
area7_0_768_512_1280.png 0 2 3 4 5
area7_1152_0_1664_512.png 0 2 3 4 5
area7_1152_1152_1664_1664.png 0 2 3 4 5
area7_1152_1536_1664_2048.png 0 2 3 4 5
area7_1152_1920_1664_2432.png 0 2 3 4 5
area7_1152_2045_1664_2557.png 0 2 3 4 5
area7_1152_384_1664_896.png 0 2 3 5
area7_1152_768_1664_1280.png 0 2 3 5
area7_1375_0_1887_512.png 0 2 3 4 5
area7_1375_1152_1887_1664.png 0 2 3 4 5
area7_1375_1536_1887_2048.png 0 2 3 4 5
area7_1375_1920_1887_2432.png 0 2 3 4 5
area7_1375_2045_1887_2557.png 0 2 3 4 5
area7_1375_384_1887_896.png 2 3 5
area7_1375_768_1887_1280.png 2 3 5
area7_384_0_896_512.png 0 2 3 5
area7_384_1152_896_1664.png 0 2 3 4 5
area7_384_1536_896_2048.png 0 2 3 4 5
area7_384_1920_896_2432.png 0 2 3 4 5
area7_384_2045_896_2557.png 0 2 3 4 5
area7_384_384_896_896.png 0 2 3 4 5
area7_384_768_896_1280.png 0 2 3 4 5
area7_768_0_1280_512.png 0 2 3 4 5
area7_768_1152_1280_1664.png 0 2 3 4 5
area7_768_1536_1280_2048.png 0 2 3 4 5
area7_768_1920_1280_2432.png 0 2 3 4 5
area7_768_2045_1280_2557.png 0 2 3 4 5
area7_768_384_1280_896.png 0 2 3 4 5
area7_768_768_1280_1280.png 0 2 3 4 5
